          90
          19
          65
         155
         210
          96
         251
          91
          32
         221
          78
          27
         252
         108
          14
         148
         116
         166
          95
         220
          73
         106
         180
         167
          71
          50
          87
         216
         188
          96
         206
         230
         190
         245
         227
          62
          36
         247
         158
         174
          34
          88
         126
         226
         123
         252
           2
         167
         149
          32
          82
          81
          38
         222
          31
         211
           1
          50
         109
         190
         134
          72
         129
         191
         164
         120
         194
         171
         160
         215
         140
         141
         150
          60
          13
         213
          11
         135
         184
         118
          65
         245
         113
         119
          97
         104
         224
          21
         185
          54
          24
          27
         202
          69
          79
          39
         190
          73
          53
          79
         199
          46
         172
         211
         171
          35
         166
         102
         246
         100
          50
         112
          42
          43
         105
         155
         219
          49
          81
         103
         244
         145
          47
         202
         167
         210
         104
         125
         128
         170
          23
         144
         209
         145
         234
         176
         174
          39
         254
         117
          83
         184
          12
         254
         213
         208
          83
         157
          66
          48